#numero_de_semestres_(ntime)
68
#numero_de_edades
6
#numero_de_tallas
35
#indices_anos_AcuPeru_cv_AcuChi__cv___fecha____SSB______cv_____Ychile____cv____Yperu____cv____nmfch___nmfpe___nmsrv__ychday___ypeday___ymph
1986	0	0.3	0	0.3	0	0	0.2	320.5	0.05	229.3	0.05	27	20	14	1.00	0.83	0.28
1986.5	0	0.3	0	0.3	0	0	0.2	928.2	0.05	82.9	0.05	27	20	14	0.67	0.67	0.28
1987	0	0.3	0	0.3	0	0	0.2	149	0.05	106.1	0.05	27	20	14	0.17	0.17	0.28
1987.5	0	0.3	0	0.3	0	0	0.2	29.8	0.05	140.3	0.05	27	20	14	1.00	0.33	0.28
1988	0	0.3	0	0.3	0	0	0.2	323.7	0.05	179.8	0.05	27	20	14	0.67	1.00	0.28
1988.5	0	0.3	0	0.3	0	0	0.2	444.8	0.05	105.8	0.05	27	20	14	0.67	0.83	0.28
1989	0	0.3	0	0.3	0	0	0.2	703.5	0.05	362.8	0.05	27	20	14	1.00	0.33	0.28
1989.5	0	0.3	0	0.3	0	0	0.2	560.3	0.05	100	0.05	27	20	14	0.67	1.00	0.28
1990	187	0.3	0	0.3	0	0	0.2	359.3	0.05	172.8	0.05	27	20	14	0.50	0.50	0.28
1990.5	0	0.3	0	0.3	0	0	0.2	213.8	0.05	7.1	0.05	27	20	14	0.67	0.33	0.28
1991	660	0.3	0	0.3	0	0	0.2	459.5	0.05	336.4	0.05	27	20	14	0.50	0.50	0.28
1991.5	558	0.3	0	0.3	0	0	0.2	103.3	0.05	41.1	0.05	27	20	14	0.17	0.17	0.28
1992	482	0.3	0	0.3	0	0	0.2	668.1	0.05	400.1	0.05	27	20	14	0.50	0.33	0.28
1992.5	0	0.3	0	0.3	0	314	0.2	285.8	0.05	473.1	0.05	27	20	14	0.50	0.83	0.25
1993	893	0.3	0	0.3	0	0	0.2	503.7	0.05	459.8	0.05	27	20	14	0.33	0.67	0.28
1993.5	0	0.3	0	0.3	0	0	0.2	552.5	0.05	171.6	0.05	27	20	14	0.67	1.00	0.28
1994	744	0.3	0	0.3	0	0	0.2	1044.8	0.05	640.7	0.05	27	20	14	0.50	0.17	0.28
1994.5	0	0.3	0	0.3	0	0	0.2	900.2	0.05	208.5	0.05	27	20	14	0.17	0.67	0.28
1995	2667	0.3	0	0.3	0	0	0.2	1120.2	0.05	904.5	0.05	27	20	14	1.00	0.50	0.28
1995.5	0	0.3	0	0.3	0	465	0.2	361.9	0.05	67	0.05	27	20	14	0.17	0.83	0.21
1996	648	0.3	0	0.3	0	0	0.2	500	0.05	132.2	0.05	27	20	14	0.17	0.33	0.28
1996.5	470	0.3	385.8	0.3	0.833	253	0.2	340	0.05	51.6	0.05	27	20	14	0.17	0.17	0.16
1997	0	0.3	0	0.3	0	0	0.2	1004.5	0.05	876.4	0.05	27	20	14	1.00	1.00	0.28
1997.5	745	0.3	0	0.3	0	744	0.2	312.9	0.05	204.2	0.05	27	20	14	0.17	0.17	0.30
1998	1306	0.3	647.7	0.3	0.116	0	0.2	110.2	0.05	284.2	0.05	27	20	14	0.67	0.83	0.28
1998.5	71	0.3	310.1	0.3	0.833	0	0.2	22.5	0.05	12.8	0.05	27	20	14	0.67	1.00	0.28
1999	178	0.3	0	0.3	0	0	0.2	492.1	0.05	394.4	0.05	27	20	14	0.33	0.33	0.28
1999.5	0	0.3	0	0.3	0	973	0.2	317.1	0.05	145	0.05	27	20	14	1.00	0.83	0.26
2000	330	0.3	306.6	0.3	0.116	0	0.2	543.3	0.05	477.6	0.05	27	20	14	0.17	0.17	0.28
2000.5	192	0.3	653.1	0.3	0.933	608	0.2	611.1	0.05	6.2	0.05	27	20	14	0.17	1.00	0.23
2001	108	0.3	0	0.3	0	0	0.2	423.8	0.05	348.1	0.05	27	20	14	0.67	0.17	0.28
2001.5	91	0.3	317.9	0.3	0.833	765	0.2	216	0.05	12.7	0.05	27	20	14	0.67	0.83	0.20
2002	141	0.3	0	0.3	0	0	0.2	521.3	0.05	811.6	0.05	27	20	14	1.00	0.67	0.28
2002.5	867	0.3	0	0.3	0	1503	0.2	694.7	0.05	530	0.05	27	20	14	0.67	1.00	0.29
2003	139	0.3	0	0.3	0	0	0.2	335.7	0.05	181.5	0.05	27	20	14	0.67	0.33	0.28
2003.5	700	0.3	0	0.3	0	1238	0.2	82.2	0.05	12.2	0.05	27	20	14	0.50	0.17	0.29
2004	682	0.3	0	0.3	0	0	0.2	782	0.05	552	0.05	27	20	14	1.00	0.50	0.28
2004.5	0	0.3	0	0.3	0	668	0.2	612.1	0.05	330.8	0.05	27	20	14	0.67	0.17	0.32
2005	1375	0.3	0	0.3	0	0	0.2	503.7	0.05	994.4	0.05	27	20	14	0.67	0.67	0.28
2005.5	0	0.3	0	0.3	0	1520	0.2	504	0.05	43.5	0.05	27	20	14	0.67	0.33	0.31
2006	171	0.3	0	0.3	0	0	0.2	267.8	0.05	685.8	0.05	27	20	14	0.67	0.17	0.28
2006.5	283	0.3	0	0.3	0	1081	0.2	245.3	0.05	134	0.05	27	20	14	0.67	0.17	0.24
2007	366	0.3	414.5	0.3	0.216	0	0.2	405.9	0.05	785.6	0.05	27	20	14	0.33	0.17	0.28
2007.5	1318	0.3	298.4	0.3	0.833	240	0.2	338.9	0.05	157.8	0.05	27	20	14	0.67	0.17	0.24
2008	554	0.3	0	0.3	0	0	0.2	441.6	0.05	618.3	0.05	27	20	14	0.67	0.83	0.28
2008.5	2	0.3	135.5	0.3	0.933	532	0.2	206.6	0.05	228.5	0.05	27	20	14	0.67	0.17	0.24
2009	425	0.3	78.9	0.3	0.196	0	0.2	251.8	0.05	272.6	0.05	27	20	14	0.33	0.17	0.28
2009.5	0	0.3	377.3	0.3	0.913	287	0.2	188.4	0.05	268.7	0.05	27	20	14	1.00	1.00	0.19
2010	1274	0.3	0	0.3	0	0	0.2	284.4	0.05	273.6	0.05	27	20	14	0.17	0.33	0.28
2010.5	0	0.3	253.8	0.3	0.833	0	0.2	150.6	0.05	16.9	0.05	27	20	14	0.83	0.17	0.28
2011	613	0.3	0	0.3	0	0	0.2	634.9	0.05	264	0.05	27	20	14	1.00	0.50	0.28
2011.5	0	0.3	170.4	0.3	0.833	795	0.2	323.1	0.05	282.8	0.05	27	20	14	0.17	0.17	0.28
2012	204	0.3	0	0.3	0	0	0.2	238.4	0.05	216	0.05	27	20	14	1.00	0.67	0.28
2012.5	2067	0.3	299.5	0.3	0.833	672	0.2	471.7	0.05	56.9	0.05	27	20	14	0.83	0.17	0.31
2013	139	0.3	0	0.3	0	0	0.2	218	0.05	39	0.05	27	20	14	0.17	1.00	0.28
2013.5	1874	0.3	163	0.3	0.833	520	0.2	473	0.05	207	0.05	27	20	14	0.67	0.17	0.24
2014	640	0.3	0	0.3	0	0	0.2	375.1	0.05	327	0.05	27	20	14	0.50	0.67	0.28
2014.5	244	0.3	410.6	0.3	0.833	399	0.2	354.3	0.05	26	0.05	27	20	14	0.67	0.17	0.27
2015	534	0.3	0	0.3	0	0	0.2	214.8	0.05	249	0.05	27	20	14	0.67	1.00	0.28
2015.5	563	0.3	285.6	0.3	0.833	436	0.2	418.2	0.05	44	0.05	27	20	14	0.67	0.17	0.38
2016	0	0.3	0	0.3	0	0	0.2	145	0.05	151	0.05	27	20	14	1.00	1.00	0.28
2016.5	370	0.3	307.1	0.3	0.833	461	0.2	98.4	0.05	3	0.05	27	20	14	0.17	0.17	0.44
2017	1163	0.3	0	0.3	0	0	0.2	360	0.05	170	0.05	27	20	14	0.50	0.50	0.28
2017.5	324	0.3	105.8	0.3	0.833	201	0.2	169.7	0.05	9	0.05	27	20	14	0.67	0.17	0.44
2018	0	0.3	0	0.3	0	0	0.2	458.5	0.05	163	0.05	27	20	14	0.50	0.33	0.28
2018.5	1156	0.3	793.2	0.3	0.833	799	0.2	292.6	0.05	70	0.05	27	20	14	0.66	0.16	0.44
2019	1821	0.3	0	0.3	0	0	0.2	344.6	0.05	191	0.05	27	20	14	0.55	0.16	0.28
2019.5	1147	0.3	230.2	0.3	0.833	651	0.2	180.3	0.05	4	0.05	27	20	14	0.33	0.33	0.44
#grupos_de_edades_6
0	1	2	3	4	5
#grupos_de_Tallas_26
2.5	3	3.5	4	4.5	5	5.5	6	6.5	7	7.5	8	8.5	9	9.5	10	10.5	11	11.5	12	12.5	13	13.5	14	14.5	15	15.5	16	16.5	17	17.5	18	18.5	19	19.5
#captura_a_la_talla_CHILE
0	0	0	0	0	0	0	0	0	0	0	0	1571	17725	100377	320430	523459	650043	793360	702020	683470	633118	727897	951735	1008665	766877	481093	290948	601742	1599466	1943874	1058366	249111	24464	0
0	0	0	0	0	0	0	0	0	0	0	0	0	0	0	0	3944	8798	29186	32369	73411	195480	377897	834635	1365680	1687014	1775586	1375470	1414321	4051070	8382579	5471169	1546722	133746	1129
0	0	0	0	0	0	0	0	0	0	0	0	0	0	0	417	0	225	46	3025	10669	17775	36850	56804	123814	294675	595618	715625	698125	777507	1051363	610570	202433	24959	3862
0	0	0	0	0	0	0	0	0	0	815	4892	12230	9784	36690	105992	192416	292701	280471	349774	359660	279301	85714	19573	1074	3114	11213	24360	33789	41741	32823	30531	17485	3619	51
0	0	0	0	0	0	0	0	0	2197	23867	124650	504483	1015403	1488156	1751424	1750508	1584149	1723326	1712040	1796349	1268050	1321069	1560085	2247215	2101081	1147158	390910	151510	51343	57147	24715	7703	1465	0
0	0	0	0	0	0	0	0	0	965	0	6133	13382	48556	107179	151421	185946	171965	228155	274991	290909	331962	352944	363723	383334	880271	2371818	4238232	3537462	1715681	486396	90656	30305	15624	21691
0	0	0	0	0	0	0	0	0	0	0	2176	8790	18512	57605	131204	354965	673294	1188383	1721827	1852374	2095060	2449938	2513261	2547057	2486998	2716511	2606710	2546945	2675204	1590819	446801	79020	8177	0
0	0	0	0	0	0	0	0	0	0	0	29462	99719	419272	723214	1195060	981451	449497	260032	133378	152006	117374	167535	181651	207944	299843	474269	1160085	2660409	4527282	3460286	1396630	317708	21863	1217
0	0	0	0	0	0	0	0	0	1186	3213	14236	24654	66918	117232	208365	469202	746999	1200817	1453834	1354570	1306729	1206407	1064814	1150196	1353348	1133422	852714	647173	801355	1156872	894644	332842	59723	1242
0	0	0	0	0	0	0	0	0	305	1523	10697	28595	86788	180313	263577	355520	437446	417951	352685	229020	198094	166931	233993	339982	492799	683156	991919	1192142	1007488	642406	345774	114847	15632	1557
0	0	0	0	0	0	0	0	0	0	0	0	490	1469	6552	2449	10368	10435	14394	29062	66487	233656	603397	1389311	2470287	4052002	4775209	3539053	1368832	434742	220615	94039	22261	2745	795
0	0	0	0	0	0	0	0	0	0	0	0	222	1280	4775	8065	9013	11130	17178	21044	29891	13427	9403	82987	411492	976201	1138522	895054	395242	142262	39209	14299	1990	399	0
0	0	0	0	0	0	0	0	0	0	1175	1436	5141	12954	40462	95171	148106	305777	742995	1381208	2785731	5245654	7513916	6276333	4975161	3742970	2311443	1618837	808025	310242	87297	7800	23906	0	0
0	0	0	0	0	0	0	0	0	707	3683	14729	38584	74305	96428	138908	201670	307903	358859	393605	461146	748537	2419302	4252967	3962245	1589439	499489	75296	31800	6940	0	0	0	371	0
0	0	0	0	0	0	0	0	0	170	3916	63235	201633	392927	731073	910023	1137597	1206604	1320438	1650278	1862982	2102572	2797348	2866258	3399184	3469425	3352640	1515122	504022	79243	3950	92	0	0	0
0	0	0	0	0	0	0	0	0	35662	62290	83082	138730	202098	318841	351297	456035	583777	780544	1161912	1541295	1611330	1587574	2079026	3189688	3661369	3843918	2943377	1565439	424996	79661	11352	208	0	0
0	0	0	0	0	0	0	0	0	0	0	207	13971	54094	142925	374256	838875	1607916	2778252	3840502	4674643	5092034	6395892	7182983	8295214	6887365	4578015	2373753	1403148	756706	215949	27974	2074	0	0
0	0	0	0	0	0	0	0	0	1251	6256	19548	68602	245473	556653	581795	521753	442361	430874	477523	421293	316301	404418	1629981	5653454	9688275	9297093	4719292	2255207	667839	158363	17443	1553	78	0
0	0	0	0	0	0	0	0	0	7120	18574	13399	13213	9179	11924	52709	193618	528844	888936	1628347	2436449	3152029	4124310	4840998	5599230	6107825	7134826	5937811	3445708	1560447	992171	556764	176881	20644	529
0	0	0	0	0	0	0	0	0	12279	43780	87438	190186	324954	511810	611931	699733	688368	653328	616138	573234	540712	728593	854434	1244491	1618041	2027734	2021093	1634070	835837	344456	166129	96152	39376	10138
0	0	0	0	0	0	0	0	0	0	105	3165	8303	16431	31635	42236	99263	204402	429355	830682	1302197	1551430	1933338	1899298	2176508	2240169	2489785	2438867	2274662	1214473	423323	58322	13418	2390	0
0	0	0	0	0	0	0	0	0	0	0	0	0	0	0	0	0	489	9684	25573	29781	105121	228192	348910	492280	622329	874015	1469167	2068493	1684333	834147	134632	10177	35	0
0	0	0	0	0	0	0	0	0	6674	7169	4573	1360	2141	11057	73791	242818	590336	1033339	1674692	2256447	3022765	4737465	6250740	7901244	7796220	6584870	3741697	1777057	832435	539161	218237	64777	6420	0
0	0	0	0	0	0	0	0	0	5853	36854	87658	138594	141967	198196	179741	192693	197241	298931	295921	348655	417023	860696	1622158	2233189	2396309	2538102	1788843	793179	250303	97500	20523	2948	103	79
0	0	0	0	0	0	0	0	0	137	222	531	5646	22186	78597	183078	307761	460602	721296	970699	1309959	1200490	1066203	526170	220602	90676	201907	321998	204201	37335	5298	1509	0	0	0
0	0	0	0	0	0	0	0	0	2538	6568	23378	33937	42264	41632	64789	92211	108265	109318	128980	182083	252515	251667	156154	85502	33171	15496	4118	723	0	0	0	0	0	0
0	0	0	0	0	0	0	0	0	0	0	413	1142	1812	6529	31923	80019	201763	445167	908694	1447779	2117883	2447804	2882062	2952276	2928172	2733179	2101072	1136062	315272	43690	0	0	0	0
0	0	0	0	0	0	0	0	0	180	992	2795	9102	19491	37786	53227	82671	102685	110925	99420	105417	172437	320504	587393	1428434	2346309	2476451	1676328	1394165	841444	347418	58965	1745	0	0
0	0	0	0	0	0	0	0	0	0	0	1342	9242	29797	47379	59539	84474	122220	141873	195605	235225	209099	235094	382546	813988	2378882	3571338	3304774	3253083	2046224	1114378	382741	76754	4569	170
0	0	0	0	0	0	0	0	0	0	194	694	4662	23483	60699	134289	190961	254537	267082	279560	427480	588609	804844	657442	457592	480076	1670546	4389186	5590452	3411270	1295878	282099	48846	5537	327
0	0	0	0	0	0	0	0	0	0	0	311	885	3710	9501	29174	53515	66961	86564	104644	160356	244891	387945	658541	1224494	2193116	2972236	2482093	2014962	1558571	1048493	375469	79403	6867	120
0	0	0	0	0	0	0	0	0	0	125	655	3104	8245	17453	29464	58297	79431	85443	71938	70838	70865	78562	112362	249925	583067	1403089	1919643	1714759	793724	311329	81384	17485	2411	526
0	0	0	0	0	0	0	0	0	0	0	182	275	2828	13340	37450	0	75060	136464	244399	483604	821044	1212286	2012295	2721400	3905795	3671599	2990354	1616563	1245923	668421	347207	87646	14128	929
0	0	0	0	0	0	0	0	0	0	0	0	0	0	0	238	0	0	106	4146	109003	523659	1468621	3484864	4848649	6532635	5159081	4112506	1972528	929076	319219	130698	40866	13051	2224
0	0	0	0	0	0	0	0	0	782	2650	7362	7822	4573	5114	10989	22987	37750	45834	45656	91069	174742	329151	590843	1180617	1786020	2362766	2152290	2045875	1093061	423225	59524	6596	437	0
0	0	0	0	0	0	0	0	0	558	227	145	150	298	4292	11054	23752	31339	39094	34398	38857	57380	102917	245664	461509	617542	679578	521532	350329	158954	69773	14470	1216	0	0
0	0	0	0	0	0	0	0	0	173	875	6358	16236	36884	69284	153712	264046	508342	865357	1461320	2490033	3197906	4926079	5885151	7459446	5159005	3815358	1906787	1263202	422460	110098	11426	962	211	0
0	0	0	0	0	0	0	0	0	457	381	361	1628	2185	1228	834	454	1491	5051	31950	105397	302253	1038522	3153298	6490269	6805442	5185833	2481628	978984	214974	34981	741	0	0	0
0	0	0	0	0	0	0	0	0	0	46	308	1333	5501	21865	65509	180180	392513	624862	925134	2004971	2289948	2666614	2169033	1581528	1825358	2768460	2592545	2243909	1180018	329887	33936	1414	0	0
0	0	0	0	0	0	0	0	0	0	0	0	878	1098	2872	4326	2906	3703	8010	14369	37514	92365	459245	1473640	2978919	4429613	4506088	3128591	1766246	828290	359239	69167	12564	170	0
0	0	0	0	0	0	0	0	0	0	0	285	216	853	1879	2979	7703	24544	56960	103884	228118	456935	805755	1101229	1297410	1470741	1700177	1534894	1333529	649756	223165	32139	5109	1520	0
0	0	0	0	0	0	0	0	0	0	0	374	1832	6052	22322	65745	116096	175606	259538	244541	259077	194166	320053	696087	1509720	2086904	2206557	1442521	826156	232168	61225	5917	1158	0	278
0	0	0	0	0	0	0	0	0	47	167	725	621	619	964	3680	12538	116120	376673	939699	1803448	2446169	3280955	2609117	2139063	1752073	2169890	1557720	944456	335235	93667	7164	3368	0	0
0	0	0	0	0	0	0	0	0	357	1627	2913	4129	5269	9564	11042	18615	16834	27533	45434	207712	506160	778409	1628188	2743135	3065546	2692380	1643249	562697	969479	20856	2877	0	0	0
0	0	0	0	0	0	0	0	0	0	0	0	0	0	5658	10693	20772	69952	148243	260450	548316	939457	1355535	2237329	3639015	4008571	3593067	2012540	872099	187549	5418	0	0	0	0
0	0	0	0	0	0	0	0	0	0	0	0	0	2019	1038	1155	957	794	1154	26858	104057	767353	1507857	1598073	1494982	1494489	1185254	687927	229032	70800	15752	810	0	0	0
0	0	0	0	0	0	0	0	0	0	0	0	0	706	82	1693	4642	16575	95836	223684	431281	523271	809041	894848	961694	513503	242252	78585	20692	3791	25	0	0	0	0
0	0	0	0	0	0	0	0	0	0	6	202	587	5251	7695	12308	10593	10840	48222	318234	838211	812514	747971	715582	839993	649710	366253	119751	35480	5635	93	55	0	0	0
0	0	0	0	0	0	0	0	0	0	0	0	0	0	198	853	886	4467	24901	73994	158989	248604	320482	550849	932403	1698708	2233608	2579329	2197586	1674048	907474	372650	77197	12837	170
0	0	0	0	0	0	0	0	0	0	0	0	93	497	1762	3042	5539	10824	24312	45174	108062	281458	606101	1120117	1528615	1609226	1137722	720885	384841	252997	163338	106024	39748	9861	191
0	0	0	0	0	0	0	0	0	131	1559	6905	29268	60141	151699	194776	351297	560563	929369	1726195	2656297	2761656	2312955	3911326	6249230	4931254	3113000	1446172	608195	93867	18559	833	0	0	0
0	0	0	0	0	0	0	0	0	21	21	104	581	309	265	221	262	283	1648	40151	278936	955604	2159131	2946634	3432483	2742473	1938969	943385	407466	98295	12527	480	0	0	0
0	0	0	0	0	0	0	0	0	0	0	0	375	356	950	2286	9158	44180	95964	189820	359664	709598	1063246	1291012	1726910	2026829	1889278	1183800	527193	167319	39745	4205	355	0	0
0	0	0	0	0	0	0	0	0	600	206	0	260	429	1661	2529	5944	23033	43510	147396	560212	1725534	2960660	3696265	3964138	3585053	3025746	1824009	643104	137879	21104	1528	0	0	0
0	0	0	0	0	0	0	0	0	1056	1073	978	1023	3402	4389	7846	15716	41534	64976	167099	224925	431368	970646	1843495	1856322	1421746	1193811	962191	490464	144972	27241	1791	142	0	0
0	0	0	0	0	0	0	0	0	355	736	1357	2373	4314	5512	4217	4588	15096	36364	72356	123608	268487	597012	2361453	4295254	5632981	4222991	1779976	409644	43899	5907	1859	0	0	0
0	0	0	0	0	0	0	0	0	0	214	245	1149	7562	11907	37413	69878	133910	238365	456633	848453	1576754	2810258	3438334	3167745	2435104	1871766	883584	282555	36200	4642	269	49	0	0
0	0	0	0	0	0	0	0	0	0	189	505	1133	4355	11358	24740	43508	74228	118257	204455	469990	1509993	3093182	3916869	3849488	2145324	1109276	357491	93176	3344	12294	0	0	0	0
0	0	0	0	0	0	0	0	0	622	2110	2750	3678	6707	21983	57336	166186	347718	632372	1012806	1877612	2121611	2197774	1785251	1539277	748338	412435	94731	24441	571	260	0	0	0	0
0	0	0	0	0	0	0	0	0	0	0	192	1125	7230	16843	51684	179928	762978	1939529	2897179	3209474	2518099	2282258	1674136	1140823	394102	136742	17028	1575	175	0	0	0	0	0
0	0	0	0	0	0	0	0	0	463	2556	11654	87640	133357	219431	339736	586475	904053	1502712	1747350	2121196	1625706	1108294	420096	138531	33133	9528	2169	1580	21	0	0	0	0	0
0	0	0	0	0	0	0	0	0	4176	9322	29230	31498	60629	71305	91344	235064	668957	1327978	1608453	1834986	1126812	631845	181336	74133	17394	525	17	0	0	0	0	0	0	0
0	0	0	0	0	0	0	0	0	1098	1181	6493	10348	16750	39151	232463	676541	1818344	3827905	4667693	5619511	4693364	3849852	1643331	559756	79305	9000	501	0	0	0	0	0	0	0
0	0	0	0	0	0	0	0	0	80	285	2948	6351	18143	33451	56451	134050	323458	679401	1265645	2086685	2065294	1795096	941733	437452	117522	31830	5742	261	144	0	0	0	0	0
0	0	0	0	0	0	0	0	0	452	910	4630	13347	40299	82482	141877	289045	511118	1054184	1973473	3526716	4110901	3960786	3042635	2340769	1336402	752145	217227	58687	6090	320	0	0	0	0
0	0	0	0	0	0	0	0	0	526	5275	13721	44086	78903	111479	125651	181701	391593	814974	1574068	2478793	3031940	3474365	2391438	1641356	700883	430288	159566	43438	12364	855	0	0	0	0
0	0	0	0	0	0	0	98	672	7145	47409	152109	279459	432531	533225	596394	641624	573890	598458	729936	784159	497845	344693	197374	77910	25293	6302	726	0	0	0	0	0	0	0
0	0	0	0	0	0	0	0	0	892	9287	101690	195538	278656	290612	270183	297946	557124	1031679	1364232	1453813	955061	495061	162120	55693	7650	1414	0	109	0	0	0	0	0	0
#captura_a_la_talla_PERU
0	0	0	0	0	0	0	0	0	0	0	0	0	561	15139	183249	587808	1087317	1531662	1608919	1474261	1068919	784226	477422	297626	169400	149424	388527	1042002	1520723	891330	201286	13724	0	0
0	0	0	0	0	0	0	0	0	0	0	0	0	0	0	0	211	1362	6120	21749	30068	13756	13169	4859	2557	1286	1108	1349	2805	10764	14943	5527	1246	0	0
0	0	0	0	0	0	0	0	0	0	6153	21910	144826	152192	107761	224067	440411	709294	1034675	1068180	997819	724061	691951	575588	610461	616469	449656	398343	186145	167920	214582	217725	133693	33473	3398
0	0	0	0	0	0	0	0	0	0	0	0	0	0	0	0	0	0	1784	13343	58642	135749	236236	322462	340415	375363	488168	675019	614670	328234	122512	59881	26886	8141	13
0	0	0	0	0	0	0	0	0	0	6153	21910	144826	152192	107761	224067	440411	709294	1034675	1068180	997819	724061	691951	575588	610461	616469	449656	398343	186145	167920	214582	217725	133693	33473	3398
0	0	0	0	0	0	0	0	0	0	0	0	0	0	0	0	0	0	1784	13343	58642	135749	236236	322462	340415	375363	488168	675019	614670	328234	122512	59881	26886	8141	13
0	0	0	0	0	0	0	0	0	0	0	0	0	507	5767	36527	69293	149239	399274	911279	1148884	1566378	2031262	2269088	2105459	1904793	1441483	1350088	1023589	694780	250296	27485	3306	368	0
0	0	0	0	0	0	0	0	0	0	0	0	0	0	0	0	0	0	0	788	1838	1861	3627	10947	18334	34365	45605	82298	149172	165273	106374	33966	7084	240	0
0	0	0	0	0	0	0	0	0	0	0	0	0	0	0	0	14248	7713	29182	59067	262164	378959	610162	781549	1037907	835571	866006	703615	660242	577123	647110	347127	154185	27374	2748
0	0	0	0	0	0	0	0	0	0	0	0	0	336	548	860	1774	2345	4254	4519	5327	8122	18579	24485	39308	40139	31777	35790	23375	24548	26468	18355	8340	1805	0
0	0	0	0	0	0	0	0	0	0	0	0	0	0	0	0	0	0	0	0	30992	107303	390781	1029366	2114402	3370722	3232029	2165487	996246	351713	105824	23519	3098	0	0
0	0	0	0	0	0	0	0	0	0	0	0	0	0	0	1771	7490	9497	7237	4458	4377	3708	16477	64849	243982	433851	420796	250458	132756	55694	17821	4366	118	42	0
0	0	0	0	0	0	0	0	0	0	0	0	0	0	37298	74589	141058	309067	1111732	2403816	4328795	5441607	5593783	4394223	2427533	1059823	518660	313970	215399	88169	27671	5149	0	0	0
0	0	0	0	0	0	0	0	0	0	0	0	0	0	0	0	0	0	397	4626	54038	120157	333811	1197457	3103591	5400490	6175041	4030711	1181014	176318	19399	0	0	0	0
0	0	0	0	0	0	0	0	0	6135	23112	66339	81819	156661	211908	369873	423705	451479	477207	500720	606026	1032188	1608777	2609925	3353471	3833244	2963770	1548082	418423	17740	2211	89	0	0	0
0	0	0	0	0	0	0	0	0	1163	3488	11317	23485	96983	166858	303009	406921	651293	964255	1508397	1878196	1810968	1249179	714829	517311	517012	384914	228549	112732	22793	0	0	0	0	0
0	0	0	0	0	0	0	0	0	0	0	0	19797	64359	140442	295679	803841	1557753	2414354	4118579	4647772	5597839	6046664	6046147	4831736	3289790	1633213	766817	295229	43719	1386	149	93	0	0
0	0	0	0	0	0	0	0	0	0	0	0	0	11457	149993	492025	735500	926637	1374861	1867048	2077133	1720140	1338852	1043933	1131958	2024164	2146082	1295027	576735	61252	2044	0	1	0	0
0	0	0	0	0	0	0	0	0	65	452	0	129	1610	6321	272034	793131	1189813	1600098	1649128	2123380	3599828	5932842	7919466	8737225	10212898	12500599	9254000	3717740	759506	61888	3315	186	0	0
0	0	0	0	0	0	0	0	0	0	0	0	0	0	0	88	176	1114	4548	19797	62103	196850	493699	978642	1252507	1122229	664001	429261	236243	91714	12612	1563	0	0	0
0	0	0	0	0	0	0	0	0	8	11	32	70	89	78	53	144	5247	14591	33518	63863	98090	111064	155025	310310	765258	1241823	1121471	719506	284555	72995	5264	131	0	0
0	0	0	0	0	0	0	0	0	0	0	6	19	43	43	532	1249	5289	12480	28990	52685	80055	87023	81860	86256	113611	180751	344686	420603	287723	113852	22573	0	0	0
0	0	0	0	0	0	0	0	0	0	73	1253	2507	11241	29902	107466	285439	775337	1650933	3376765	5380592	7171755	8075960	7254756	5813017	4427256	3214619	1738688	939770	699452	295534	67724	4727	0	0
0	0	0	0	0	0	0	0	0	0	86	111	286	1146	1948	3004	8534	34126	135393	434066	939074	1458656	1837807	1805162	1484344	1061171	854193	550381	247194	66849	17596	3336	587	13	0
0	0	0	0	0	0	0	0	0	12	240	4326	26440	87829	181200	355212	821655	1595136	2656898	3758700	4492061	3917646	2902045	1356581	534960	149813	88239	93853	51009	9379	272	0	43	0	0
0	0	0	0	0	0	0	0	0	449	1573	3845	12320	28578	52916	82847	119715	153758	117514	78423	61444	62166	68524	59063	70277	40568	24907	6047	755	0	0	0	0	0	0
0	0	0	0	0	0	0	0	0	275	989	9669	28557	58194	102256	161947	270766	444504	735278	1179425	1735386	2344204	2804990	2714982	2759974	2186809	1677539	1132790	593137	164378	28272	1593	0	0	0
0	0	0	0	0	0	0	0	0	0	70	178	496	2439	5406	11395	19847	33069	52736	91940	175483	306552	583352	799977	1214536	1296713	902848	455203	266936	108627	27001	3302	186	0	0
0	0	0	0	0	0	0	0	0	0	0	0	0	0	86	3663	6375	17906	23646	50816	66558	103039	298323	918464	3239952	5213135	4391945	2263757	1233281	531604	189927	32276	1446	84	0
0	0	0	0	0	0	0	0	0	0	0	0	0	0	48	398	1704	3680	8169	16342	29336	48020	65554	60954	37567	16730	7261	5795	9449	9321	3132	317	0	0	0
0	0	0	0	0	0	0	0	0	0	0	0	0	502	4010	25221	69807	194578	442857	1006598	1759756	2480292	3321077	3110157	2656010	1530940	787732	434512	404881	290566	115828	18460	1681	146	8
0	0	0	0	0	0	0	0	0	0	0	0	0	0	0	0	0	0	0	0	0	0	0	60	476	2380	3398	1907	549	73	30	0	0	0	0
0	0	0	0	0	0	0	0	0	7069	17564	30724	43567	77056	133426	270442	552600	1385826	2800553	4662454	6606593	7892942	8318241	7391324	5555454	2883455	1281453	798765	471355	179662	36993	1614	365	14	92
0	0	0	0	0	0	0	0	0	0	0	0	0	0	0	999	1572	16698	190989	1324101	3333872	4290969	3900664	5092876	5860828	3371636	1346775	451987	128753	12679	1411	61	0	0	0
0	0	0	0	0	0	0	0	0	308	440	610	2010	7008	14284	18317	19284	17995	26504	52434	112961	236229	582066	1696553	2835897	1888115	838687	289382	78904	17659	2747	0	25	0	0
0	0	0	0	0	0	0	0	0	0	35	167	692	1639	3674	7831	10273	12792	14942	39275	68523	83993	131053	139828	112574	62319	26672	9291	1549	257	0	0	0	0	0
0	0	0	0	0	0	0	0	0	1045	6622	31739	101998	345020	906212	1906690	2986718	4167357	5061679	5750851	5956054	5447515	4295762	2601234	1459924	709543	277164	103781	30034	3640	427	30	15	0	0
0	0	0	0	0	0	0	0	0	0	0	170	758	1725	2374	4765	9278	20324	45078	120275	249269	537936	1051882	1699010	2011673	1592422	1037009	426729	111989	16266	682	0	0	0	0
0	0	0	0	0	0	0	0	0	2179	23744	148362	464299	1146435	1930475	2721869	3436589	3736850	4273155	5379040	6472632	6271138	6008335	5002589	5015057	4802623	4344834	2468111	824358	144093	10717	317	0	0	0
0	0	0	0	0	0	0	0	0	0	14	11	11	104	171	335	1000	6072	14838	65048	194569	356465	415361	363943	308208	289666	181942	72608	21377	4894	478	0	0	0	0
0	0	0	0	0	0	0	0	0	245	4060	30596	135691	432871	988409	1494777	2202338	2455252	2792431	2943493	3078216	2991483	2817423	3070098	4217442	4946536	3659238	1687070	537110	101062	7597	269	0	16	0
0	0	0	0	0	0	0	0	0	0	273	712	3826	26102	58113	119770	186165	187088	155179	175878	285318	627097	1014819	1553278	1817110	1485954	970980	509538	196543	42253	2278	18	0	0	0
0	0	0	0	0	0	0	0	0	292	1873	19602	63323	210876	386753	744434	1240343	1811913	2282461	3086240	3825144	4081422	4133984	4824811	5683792	5199640	3159087	1452136	514707	93546	4117	22	22	0	0
0	0	0	0	0	0	0	0	0	0	153	8368	29452	66243	72399	107257	142188	217047	309769	436743	529235	634790	766905	924318	1055137	1160056	822370	397472	139618	23763	380	0	0	0	0
0	0	0	0	0	0	0	0	0	3129	12086	42931	98680	217152	473394	773826	1162010	1646578	2158355	2972326	3657298	4133302	3918222	3690787	3841069	3467012	2323144	1164628	398028	84915	19917	5628	145	0	0
0	0	0	0	0	0	0	0	0	430	18424	92502	249425	462925	560976	553015	628507	645096	652169	827120	1225405	1864738	2387677	2127369	1193158	514409	231705	96662	30130	4950	0	0	0	0	0
0	0	0	0	0	0	0	0	0	56	99	489	794	4046	9217	20336	37477	76818	105232	138636	140076	175245	215304	263597	215750	127016	62270	22035	5011	753	47	0	0	0	0
0	0	0	0	0	0	0	0	0	0	9	103	214	1176	2297	4171	9629	13511	38068	95433	117722	127241	201085	293240	353335	188529	71744	20582	5348	1711	11	0	0	0	0
0	0	0	0	0	0	0	0	0	4935	12253	40823	93875	182142	306532	506633	843268	1088412	1338892	1484770	1882427	2593865	2820014	2228507	1609566	933819	401954	143562	34257	3244	312	0	0	0	0
0	0	0	0	0	0	0	0	0	0	0	0	0	325	844	6549	24266	62748	148622	200773	272098	252642	186271	60387	22065	7661	3145	1149	126	0	0	0	0	0	0
0	0	0	0	0	0	0	0	0	0	131	1691	8596	37065	91723	221796	375655	660708	1127225	1891893	3156633	4801656	5567297	3808738	1540986	443357	101632	9097	76	5	0	0	0	0	0
0	0	0	0	0	0	0	0	0	0	176	1285	2733	9361	7740	16490	39325	129841	326553	653191	1135019	1697645	1988265	1815889	1931273	2431925	1912656	936129	214449	13755	434	0	0	0	0
0	0	0	0	0	0	0	0	0	0	0	0	24	47	103	2623	6363	19985	45041	100691	242976	503262	665107	556898	366467	244304	159067	74081	18103	1594	0	0	0	0	0
0	0	0	0	0	0	0	0	0	0	0	0	65	227	162	1183	4560	5633	5244	8543	38591	147748	334809	491195	500512	250396	64327	12063	256	20	0	0	0	0	0
0	0	0	0	0	0	0	0	0	0	0	485	1740	3538	2819	2624	5399	7380	12834	37977	167358	553222	1477955	2712018	2375790	843695	125460	8415	509	34	0	0	0	0	0
0	0	0	0	0	0	0	0	0	260	1771	6981	10108	31909	69076	157591	241541	375341	585703	1077125	2082800	3485541	4331512	3281652	1691332	1237771	748145	255864	37345	385	0	0	0	0	0
0	0	0	0	0	0	0	0	0	0	0	172	1250	2626	5706	14019	14380	29133	37578	62438	84423	124221	108629	62949	27792	12240	4967	954	157	0	0	0	0	0	0
0	0	0	0	0	0	0	0	0	80	261	2855	9187	28909	71207	224135	653852	1578920	2525787	3340545	3321055	2852545	2129035	1356656	597233	148458	25109	1312	135	0	0	0	0	0	0
0	0	0	0	0	0	0	0	0	669	3257	7794	18110	48800	128851	311998	503588	597621	585237	576399	518423	378575	255757	148327	52318	9259	602	0	0	0	0	0	0	0	0
0	0	0	0	0	0	0	0	0	0	0	1043	3407	39568	169019	414490	639850	1169898	1868806	2832533	2767969	1748376	679342	126693	12462	860	0	0	0	0	0	0	0	0	0
0	0	0	0	0	0	0	0	0	0	0	1043	3407	39568	169019	414490	639850	1169898	1868806	2832533	2767969	1748376	679342	126693	12462	860	0	0	0	0	0	0	0	0	0
0	0	0	0	0	0	0	0	0	0	0	1446	1392	3060	5889	14502	35564	78682	190149	371184	574931	634297	340637	66763	7221	1104	0	0	0	0	0	0	0	0	0
0	0	0	0	0	0	0	0	0	593	2737	14847	35209	116106	287176	635486	1107231	1868050	2340980	2503784	2352060	2063836	1002936	253240	41667	8814	1830	1059	35	0	0	0	0	0	0
0	0	0	0	0	0	0	0	0	259	763	2936	4579	7869	17634	44540	80610	115486	130002	122488	111653	82585	53696	22300	7725	1394	0	0	0	0	0	0	0	0	0
0	0	0	0	0	0	0	0	0	0	35	2819	13527	60152	143131	278122	524728	1045754	1616570	2564838	2838174	2138014	999091	284083	49859	2423	120	0	0	0	0	0	0	0	0
0	0	0	0	0	0	0	0	0	0	0	1113	6320	21523	48581	116285	215970	366660	639893	957193	1015627	695987	354342	146525	42271	7280	757	174	0	0	0	0	0	0	0
0	0	0	0	0	0	0	0	1071	9456	93042	256231	615999	862879	1042721	1223088	1617866	2278273	2906055	2672283	1691634	926709	417159	145925	35157	6087	212	0	0	0	0	0	0	0	0
0	0	0	0	0	0	0	0	18	181	619	1526	3348	9979	13292	21368	26669	52108	65556	59846	43378	27230	11291	4101	1302	158	0	0	0	0	0	0	0	0	0
#captura_a_la_talla_CRUCERO
0	0	0	0	0	0	0	0	0	0	0	0	0	0	0	0	0	0	0	0	0	0	0	0	0	0	0	0	0	0	0	0	0	0	0
0	0	0	0	0	0	0	0	0	0	0	0	0	0	0	0	0	0	0	0	0	0	0	0	0	0	0	0	0	0	0	0	0	0	0
0	0	0	0	0	0	0	0	0	0	0	0	0	0	0	0	0	0	0	0	0	0	0	0	0	0	0	0	0	0	0	0	0	0	0
0	0	0	0	0	0	0	0	0	0	0	0	0	0	0	0	0	0	0	0	0	0	0	0	0	0	0	0	0	0	0	0	0	0	0
0	0	0	0	0	0	0	0	0	0	0	0	0	0	0	0	0	0	0	0	0	0	0	0	0	0	0	0	0	0	0	0	0	0	0
0	0	0	0	0	0	0	0	0	0	0	0	0	0	0	0	0	0	0	0	0	0	0	0	0	0	0	0	0	0	0	0	0	0	0
0	0	0	0	0	0	0	0	0	0	0	0	0	0	0	0	0	0	0	0	0	0	0	0	0	0	0	0	0	0	0	0	0	0	0
0	0	0	0	0	0	0	0	0	0	0	0	0	0	0	0	0	0	0	0	0	0	0	0	0	0	0	0	0	0	0	0	0	0	0
0	0	0	0	0	0	0	0	0	0	0	0	0	0	0	0	0	0	0	0	0	0	0	0	0	0	0	0	0	0	0	0	0	0	0
0	0	0	0	0	0	0	0	0	0	0	0	0	0	0	0	0	0	0	0	0	0	0	0	0	0	0	0	0	0	0	0	0	0	0
0	0	0	0	0	0	0	0	0	0	0	0	0	0	0	0	0	0	0	0	0	0	0	0	0	0	0	0	0	0	0	0	0	0	0
0	0	0	0	0	0	0	0	0	0	0	0	0	0	0	0	0	0	0	0	0	0	0	0	0	0	0	0	0	0	0	0	0	0	0
0	0	0	0	0	0	0	0	0	0	0	0	0	0	0	0	0	0	0	0	0	0	0	0	0	0	0	0	0	0	0	0	0	0	0
0	0	0	0	0	0	0	0	0	0	0	0	0	0	0	0	0	0	0	0	0	0	0	0	0	0	0	0	0	0	0	0	0	0	0
0	0	0	0	0	0	0	0	0	0	0	0	0	0	0	0	0	0	0	0	0	0	0	0	0	0	0	0	0	0	0	0	0	0	0
0	0	0	0	0	0	0	0	0	0	0	0	0	0	0	0	0	0	0	0	0	0	0	0	0	0	0	0	0	0	0	0	0	0	0
0	0	0	0	0	0	0	0	0	0	0	0	0	0	0	0	0	0	0	0	0	0	0	0	0	0	0	0	0	0	0	0	0	0	0
0	0	0	0	0	0	0	0	0	0	0	0	0	0	0	0	0	0	0	0	0	0	0	0	0	0	0	0	0	0	0	0	0	0	0
0	0	0	0	0	0	0	0	0	0	0	0	0	0	0	0	0	0	0	0	0	0	0	0	0	0	0	0	0	0	0	0	0	0	0
0	0	0	0	0	0	0	0	0	0	0	0	0	0	0	0	0	0	0	0	0	0	0	0	0	0	0	0	0	0	0	0	0	0	0
0	0	0	0	0	0	0	0	0	0	0	0	0	0	0	0	0	0	0	0	0	0	0	0	0	0	0	0	0	0	0	0	0	0	0
0	0	0	0	0	0	0	0	0	0	0	0	0	0	0	0	0	0	0	0	0	0	0	0	0	0	0	0	0	0	0	0	0	0	0
0	0	0	0	0	0	0	0	0	0	0	0	0	0	0	0	0	0	0	0	0	0	0	0	0	0	0	0	0	0	0	0	0	0	0
0	0	0	0	0	0	0	0	0	0	0	0	0	0	0	0	0	0	0	0	0	0	0	0	0	0	0	0	0	0	0	0	0	0	0
0	0	0	0	0	0	0	0	0	0	0	0	0	0	0	0	0	0	0	0	0	0	0	0	0	0	0	0	0	0	0	0	0	0	0
0	0	0	0	0	0	0	0	0	0	0	0	0	0	0	0	0	0	0	0	0	0	0	0	0	0	0	0	0	0	0	0	0	0	0
0	0	0	0	0	0	0	0	0	0	0	0	0	0	0	0	0	0	0	0	0	0	0	0	0	0	0	0	0	0	0	0	0	0	0
0	0	0	0	0	0	0	0	0	0	0	0	0	0	0	0	0	0	0	0	0	0	0	0	0	0	0	0	0	0	0	0	0	0	0
0	0	0	0	0	0	0	0	0	0	0	0	0.9	0.8	0.7	362.6	1228.0	2636.0	2365.3	2062.0	1506.6	421.1	418.9	273.8	443.6	721.3	1306.5	1122.6	551.2	183.8	114.1	34.0	5.4	0	0
0	0	0	0	0	0	0	0	57.7	1354.7	1031.7	2751.8	2545.4	4295.7	1583.8	2899.2	1931.4	2496.6	3206.5	2954.1	3116.9	2407.5	2701.0	1163.1	904.5	476.8	313.0	633.8	1506.9	1928.4	1863.9	668.2	170.7	32.3	0
0	0	0	0	0	0	0	0	0	0	0	0	0	0	0	0	0	0	0	0	0	0	0	0	0	0	0	0	0	0	0	0	0	0	0
0	0	0	0	0	0	13.6	0	195.7	1609.8	4051.1	5477.3	3848.3	3832.4	4559.1	4697.7	3019.7	1506.1	890.6	584.8	335.1	156.3	95.6	136.6	286.7	433.6	509.4	728.2	974.9	867.3	321.9	95.8	21.8	0.6	0
0	0	0	0	0	0	0	0	0	0	0	0	0	0	0	0	0	0	0	0	0	0	0	0	0	0	0	0	0	0	0	0	0	0	0
0	0	0	0	0	0	0	0	0	0	0	0	0	0	0	0	0	0	0	0	0	0	0	0	0	0	0	0	0	0	0	0	0	0	0
0	0	0	0	0	0	0	0	0	0	0	0	0	0	0	0	0	0	0	0	0	0	0	0	0	0	0	0	0	0	0	0	0	0	0
0	0	0	0	0	0	0	0	0	0	0	0	0	0	0	0	0	0	0	0	0	0	0	0	0	0	0	0	0	0	0	0	0	0	0
0	0	0	0	0	0	0	0	0	0	0	0	0	0	0	0	0	0	0	0	0	0	0	0	0	0	0	0	0	0	0	0	0	0	0
0	0	0	0	0	0	0	0	0	0	0	0	0	0	0	0	0	0	0	0	0	0	0	0	0	0	0	0	0	0	0	0	0	0	0
0	0	0	0	0	0	0	0	0	0	0	0	0	0	0	0	0	0	0	0	0	0	0	0	0	0	0	0	0	0	0	0	0	0	0
0	0	0	0	0	0	0	0	0	0	0	0	0	0	0	0	0	0	0	0	0	0	0	0	0	0	0	0	0	0	0	0	0	0	0
0	0	0	0	0	0	0	0	0	0	0	0	0	0	0	0	0	0	0	0	0	0	0	0	0	0	0	0	0	0	0	0	0	0	0
0	0	0	0	0	0	0	0	0	0	0	0	0	0	0	0	0	0	0	0	0	0	0	0	0	0	0	0	0	0	0	0	0	0	0
0	0	0	0	0	0	0	0	0	0	0	0	0	9.0	13.2	82.1	170.3	795.7	1535.5	2769.5	3868.7	4302.4	4538.9	2853.7	1715.4	974.2	881.6	519.3	252.6	87.4	22.7	3.2	0	0.3	0
0	0	0	0	0	0	0	0	0	63.5	179.9	587.7	3575.5	3962.5	5464.6	3713.0	3195.0	1533.8	906.7	724.5	458.2	408.4	631.1	488.9	620.6	941.5	1213.0	753.8	623.8	149.5	23.4	0.2	0	0	0
0	0	0	0	0	0	0	0	0	0	0	0	0	0	0	0	0	0	0	0	0	0	0	0	0	0	0	0	0	0	0	0	0	0	0
0	0	0	0	5.9	4.7	0	53.1	91.7	205.2	332.7	539.4	631.3	650.1	429.4	340.1	229.9	206.7	170.7	72.9	85.2	298.9	402.7	756.9	581.6	593.2	772.9	764.1	506.6	208.0	27.3	5.3	0.2	0	0
0	0	0	0	0	0	0	0	0	0	0	28.5	62.3	778.4	2022.0	1840.4	1259.0	1195.9	995.5	778.7	325.3	266.7	96.7	9.9	5.7	21.9	34.0	61.0	57.7	24.1	3.6	0	0	0	0
0	0	0	0	0	0	0	0	22.4	440.6	1833.6	2548.7	1243.2	501.5	484.4	813.5	705.0	585.0	668.1	750.8	1591.8	2593.5	3298.9	3171.0	2736.8	1629.7	960.5	303.9	39.7	3.7	0	0	0	0	0
0	0	0	0	0	0	0	0	0	0	0	0	0	0	0	0	0	0	0	0	0	0	0	0	0	0	0	0	0	0	0	0	0	0	0
0	0	0	0	0	47.7	299.9	739.3	1026.1	1600.5	1476.1	1766.9	2382.4	3777.4	3014.9	3698.8	3060.7	2453.5	1677.8	718.6	339.5	812.1	1116.0	666.8	382.8	193.4	98.5	37.4	13.7	5.5	2.3	0	0	0	0
0	0	0	0	0	0	0	0	0	0	0	0	0	0	0	0	0	0	0	0	0	0	0	0	0	0	0	0	0	0	0	0	0	0	0
0	0	0	0	15.5	0	152.6	296.9	488	202.8	79.8	74.4	53.3	160.0	272.8	172.1	71.1	43.0	24.0	15.9	11.0	40.5	187.0	467.9	805.2	1402.8	1726.7	1024.8	299.2	78.0	5.4	0	0	0	0
0	0	0	0	0	0	0	0	0	0	0	0	0	0	0	0	0	0	0	0	0	0	0	0	0	0	0	0	0	0	0	0	0	0	0
0	0	0	0	4.4	14.1	29.7	16.9	12.2	44.7	35.6	25.9	23.9	96.9	242.5	214.8	127.7	166.7	167.7	170.2	230.1	589.8	1647.8	2102.4	2231.2	2274.5	1886.9	1095.0	300.1	62.5	7.0	0	0	0	0
0	0	0	0	0	0	0	0	0	0	0	0	0	0	0	0	0	0	0	0	0	0	0	0	0	0	0	0	0	0	0	0	0	0	0
0	0	0	2.6	39.1	74.8	21.6	49.5	74.1	176.1	156.1	93.9	76.9	37.3	38.6	43.1	50.7	57.4	79.7	157.3	256.9	362.3	492.5	883.3	1190.8	1262.6	1098.1	640.8	132.5	17.9	1.3	0	0	0	0
0	0	0	0	0	0	0	0	0	0	0	0	0	0	0	0	0	0	0	0	0	0	0	0	0	0	0	0	0	0	0	0	0	0	0
126.6	100.8	177.1	463.2	380.2	260.3	152.9	20.1	165.5	514.2	1391.9	2400.2	3127.5	7146.4	8458.2	7410.1	4685.5	1820.2	1185.6	1519.1	1362.7	1259.7	2062.4	2213.3	1194.5	409.2	144.1	27.9	4.6	2.6	0	0	0	0	0
0	0	0	0	0	0	0	0	0	0	0	0	0	0	0	0	0	0	0	0	0	0	0	0	0	0	0	0	0	0	0	0	0	0	0
1419.6	4124.2	5401.4	5030.2	5253.6	5337.8	2277.4	2499.5	2219.7	3157.9	4042.3	3719.9	2132.4	1003.4	708.5	488.5	1085.4	4036.7	4302.1	3643.4	1912.4	779.6	769.3	538.1	320.6	108.0	30.9	7.6	0	0	0	0	0	0	0
0	0	0	0	0	0	0	0	0	0	0	0	0	0	0	0	0	0	0	0	0	0	0	0	0	0	0	0	0	0	0	0	0	0	0
0	23.7	717.7	1364.1	817.1	677.2	543.2	870.4	2057.3	7731.3	18671.1	17903.2	7601.8	1948.8	1040.1	905.6	645.9	882.5	953.3	1680.5	1675.5	754.0	295.6	69.5	7.8	0	0	0	0	0	0	0	0	0	0
0	0	0	0	0	0	0	0	0	0	0	0	0	0	0	0	0	0	0	0	0	0	0	0	0	0	0	0	0	0	0	0	0	0	0
0	0	0	0	13.9	139.1	679.5	961.8	1137.2	651.3	512.4	629.8	738.5	736.7	421.2	614.1	353.3	425.3	339.3	577.7	512.3	886.7	988.7	653.4	251.1	146.0	95.0	1.3	0	0	0	0	0	0	0
0	0	0	0	0	0	0	0	0	0	0	0	0	0	0	0	0	0	0	0	0	0	0	0	0	0	0	0	0	0	0	0	0	0	0
0	0	0	1123.4	1811.2	2584	3221.5	8234.9	17384	28785.1	20802.2	16678.1	13720.6	11673.2	9581.9	7901.9	6344.1	5267.0	4356.9	3259.7	2851.7	1819.6	1663.3	1330.5	593.8	241.5	175.0	135.7	54.7	7.0	0	0	0	0	0
0	0	0	0	0	0	0	0	0	0	0	0	0	0	0	0	0	0	0	0	0	0	0	0	0	0	0	0	0	0	0	0	0	0	0
0	121.5	2305.0	16410.9	11988.5	4819.0	3198.9	4735.4	4614.0	6482.8	6119.5	5258.2	2340.6	2163.1	2691.6	2845.1	2580.7	2337.8	1604.3	1100.3	887.6	654.0	281.7	133.3	28.1	3.9	0.2	0.1	0	0	0	0	0	0	0
#pesos_medios_a_la_talla
0.09	0.17	0.27	0.41	0.59	0.81	1.08	1.41	1.8	2.25	2.78	3.38	4.05	4.82	5.68	6.63	7.68	8.85	10.12	11.51	13.02	14.66	16.44	18.35	20.4	22.61	24.97	27.48	30.17	33.02	36.04	39.25	42.64	46.23	50.01
0.09	0.17	0.27	0.41	0.59	0.81	1.08	1.41	1.8	2.25	2.78	3.38	4.05	4.82	5.68	6.63	7.68	8.85	10.12	11.51	13.02	14.66	16.44	18.35	20.4	22.61	24.97	27.48	30.17	33.02	36.04	39.25	42.64	46.23	50.01
0.09	0.17	0.27	0.41	0.59	0.81	1.08	1.41	1.8	2.25	2.78	3.38	4.05	4.82	5.68	6.63	7.68	8.85	10.12	11.51	13.02	14.66	16.44	18.35	20.4	22.61	24.97	27.48	30.17	33.02	36.04	39.25	42.64	46.23	50.01
0.09	0.17	0.27	0.41	0.59	0.81	1.08	1.41	1.8	2.25	2.78	3.38	4.05	4.82	5.68	6.63	7.68	8.85	10.12	11.51	13.02	14.66	16.44	18.35	20.4	22.61	24.97	27.48	30.17	33.02	36.04	39.25	42.64	46.23	50.01
0.09	0.17	0.27	0.41	0.59	0.81	1.08	1.41	1.8	2.25	2.78	3.38	4.05	4.82	5.68	6.63	7.68	8.85	10.12	11.51	13.02	14.66	16.44	18.35	20.4	22.61	24.97	27.48	30.17	33.02	36.04	39.25	42.64	46.23	50.01
0.09	0.17	0.27	0.41	0.59	0.81	1.08	1.41	1.8	2.25	2.78	3.38	4.05	4.82	5.68	6.63	7.68	8.85	10.12	11.51	13.02	14.66	16.44	18.35	20.4	22.61	24.97	27.48	30.17	33.02	36.04	39.25	42.64	46.23	50.01
0.09	0.17	0.27	0.41	0.59	0.81	1.08	1.41	1.8	2.25	2.78	3.38	4.05	4.82	5.68	6.63	7.68	8.85	10.12	11.51	13.02	14.66	16.44	18.35	20.4	22.61	24.97	27.48	30.17	33.02	36.04	39.25	42.64	46.23	50.01
0.09	0.17	0.27	0.41	0.59	0.81	1.08	1.41	1.8	2.25	2.78	3.38	4.05	4.82	5.68	6.63	7.68	8.85	10.12	11.51	13.02	14.66	16.44	18.35	20.4	22.61	24.97	27.48	30.17	33.02	36.04	39.25	42.64	46.23	50.01
0.09	0.17	0.27	0.41	0.59	0.81	1.08	1.41	1.8	2.25	2.78	3.38	4.05	4.82	5.68	6.63	7.68	8.85	10.12	11.51	13.02	14.66	16.44	18.35	20.4	22.61	24.97	27.48	30.17	33.02	36.04	39.25	42.64	46.23	50.01
0.09	0.17	0.27	0.41	0.59	0.81	1.08	1.41	1.8	2.25	2.78	3.38	4.05	4.82	5.68	6.63	7.68	8.85	10.12	11.51	13.02	14.66	16.44	18.35	20.4	22.61	24.97	27.48	30.17	33.02	36.04	39.25	42.64	46.23	50.01
0.09	0.17	0.27	0.41	0.59	0.81	1.08	1.41	1.8	2.25	2.78	3.38	4.05	4.82	5.68	6.63	7.68	8.85	10.12	11.51	13.02	14.66	16.44	18.35	20.4	22.61	24.97	27.48	30.17	33.02	36.04	39.25	42.64	46.23	50.01
0.09	0.17	0.27	0.41	0.59	0.81	1.08	1.41	1.8	2.25	2.78	3.38	4.05	4.82	5.68	6.63	7.68	8.85	10.12	11.51	13.02	14.66	16.44	18.35	20.4	22.61	24.97	27.48	30.17	33.02	36.04	39.25	42.64	46.23	50.01
0.09	0.17	0.27	0.41	0.59	0.81	1.08	1.41	1.8	2.25	2.78	3.38	4.05	4.82	5.68	6.63	7.68	8.85	10.12	11.51	13.02	14.66	16.44	18.35	20.4	22.61	24.97	27.48	30.17	33.02	36.04	39.25	42.64	46.23	50.01
0.09	0.17	0.27	0.41	0.59	0.81	1.08	1.41	1.8	2.25	2.78	3.38	4.05	4.82	5.68	6.63	7.68	8.85	10.12	11.51	13.02	14.66	16.44	18.35	20.4	22.61	24.97	27.48	30.17	33.02	36.04	39.25	42.64	46.23	50.01
0.09	0.17	0.27	0.41	0.59	0.81	1.08	1.41	1.8	2.25	2.78	3.38	4.05	4.82	5.68	6.63	7.68	8.85	10.12	11.51	13.02	14.66	16.44	18.35	20.4	22.61	24.97	27.48	30.17	33.02	36.04	39.25	42.64	46.23	50.01
0.09	0.17	0.27	0.41	0.59	0.81	1.08	1.41	1.8	2.25	2.78	3.38	4.05	4.82	5.68	6.63	7.68	8.85	10.12	11.51	13.02	14.66	16.44	18.35	20.4	22.61	24.97	27.48	30.17	33.02	36.04	39.25	42.64	46.23	50.01
0.09	0.17	0.27	0.41	0.59	0.81	1.08	1.41	1.8	2.25	2.78	3.38	4.05	4.82	5.68	6.63	7.68	8.85	10.12	11.51	13.02	14.66	16.44	18.35	20.4	22.61	24.97	27.48	30.17	33.02	36.04	39.25	42.64	46.23	50.01
0.09	0.17	0.27	0.41	0.59	0.81	1.08	1.41	1.8	2.25	2.78	3.38	4.05	4.82	5.68	6.63	7.68	8.85	10.12	11.51	13.02	14.66	16.44	18.35	20.4	22.61	24.97	27.48	30.17	33.02	36.04	39.25	42.64	46.23	50.01
0.09	0.17	0.27	0.41	0.59	0.81	1.08	1.41	1.8	2.25	2.78	3.38	4.05	4.82	5.68	6.63	7.68	8.85	10.12	11.51	13.02	14.66	16.44	18.35	20.4	22.61	24.97	27.48	30.17	33.02	36.04	39.25	42.64	46.23	50.01
0.09	0.17	0.27	0.41	0.59	0.81	1.08	1.41	1.8	2.25	2.78	3.38	4.05	4.82	5.68	6.63	7.68	8.85	10.12	11.51	13.02	14.66	16.44	18.35	20.4	22.61	24.97	27.48	30.17	33.02	36.04	39.25	42.64	46.23	50.01
0.09	0.17	0.27	0.41	0.59	0.81	1.08	1.41	1.8	2.25	2.78	3.38	4.05	4.82	5.68	6.63	7.68	8.85	10.12	11.51	13.02	14.66	16.44	18.35	20.4	22.61	24.97	27.48	30.17	33.02	36.04	39.25	42.64	46.23	50.01
0.09	0.17	0.27	0.41	0.59	0.81	1.08	1.41	1.8	2.25	2.78	3.38	4.05	4.82	5.68	6.63	7.68	8.85	10.12	11.51	13.02	14.66	16.44	18.35	20.4	22.61	24.97	27.48	30.17	33.02	36.04	39.25	42.64	46.23	50.01
0.09	0.17	0.27	0.41	0.59	0.81	1.08	1.41	1.8	2.25	2.78	3.38	4.05	4.82	5.68	6.63	7.68	8.85	10.12	11.51	13.02	14.66	16.44	18.35	20.4	22.61	24.97	27.48	30.17	33.02	36.04	39.25	42.64	46.23	50.01
0.09	0.17	0.27	0.41	0.59	0.81	1.08	1.41	1.8	2.25	2.78	3.38	4.05	4.82	5.68	6.63	7.68	8.85	10.12	11.51	13.02	14.66	16.44	18.35	20.4	22.61	24.97	27.48	30.17	33.02	36.04	39.25	42.64	46.23	50.01
0.09	0.17	0.27	0.41	0.59	0.81	1.08	1.41	1.8	2.25	2.78	3.38	4.05	4.82	5.68	6.63	7.68	8.85	10.12	11.51	13.02	14.66	16.44	18.35	20.4	22.61	24.97	27.48	30.17	33.02	36.04	39.25	42.64	46.23	50.01
0.09	0.17	0.27	0.41	0.59	0.81	1.08	1.41	1.8	2.25	2.78	3.38	4.05	4.82	5.68	6.63	7.68	8.85	10.12	11.51	13.02	14.66	16.44	18.35	20.4	22.61	24.97	27.48	30.17	33.02	36.04	39.25	42.64	46.23	50.01
0.09	0.17	0.27	0.41	0.59	0.81	1.08	1.41	1.8	2.25	2.78	3.38	4.05	4.82	5.68	6.63	7.68	8.85	10.12	11.51	13.02	14.66	16.44	18.35	20.4	22.61	24.97	27.48	30.17	33.02	36.04	39.25	42.64	46.23	50.01
0.09	0.17	0.27	0.41	0.59	0.81	1.08	1.41	1.8	2.25	2.78	3.38	4.05	4.82	5.68	6.63	7.68	8.85	10.12	11.51	13.02	14.66	16.44	18.35	20.4	22.61	24.97	27.48	30.17	33.02	36.04	39.25	42.64	46.23	50.01
0.09	0.17	0.27	0.41	0.59	0.81	1.08	1.41	1.8	2.25	2.78	3.38	4.05	4.82	5.68	6.63	7.68	8.85	10.12	11.51	13.02	14.66	16.44	18.35	20.4	22.61	24.97	27.48	30.17	33.02	36.04	39.25	42.64	46.23	50.01
0.09	0.17	0.27	0.41	0.59	0.81	1.08	1.41	1.8	2.25	2.78	3.38	4.05	4.82	5.68	6.63	7.68	8.85	10.12	11.51	13.02	14.66	16.44	18.35	20.4	22.61	24.97	27.48	30.17	33.02	36.04	39.25	42.64	46.23	50.01
0.117	0.2	0.316	0.469	0.664	0.907	1.201	1.553	1.968	2.449	3.003	3.634	4.346	5.146	6.037	7.025	8.114	9.309	10.615	12.037	13.58	15.248	17.046	18.979	21.052	23.27	25.636	28.157	30.836	33.679	36.69	39.873	43.235	46.778	50.509
0.149	0.25	0.387	0.564	0.788	1.062	1.391	1.78	2.234	2.756	3.351	4.023	4.777	5.617	6.547	7.571	8.693	9.918	11.25	12.691	14.248	15.922	17.719	19.643	21.696	23.884	26.209	28.676	31.289	34.051	36.966	40.037	43.269	46.666	50.23
0.104	0.18	0.286	0.426	0.606	0.831	1.106	1.436	1.825	2.279	2.802	3.4	4.077	4.839	5.69	6.635	7.68	8.829	10.087	11.459	12.95	14.565	16.309	18.186	20.203	22.363	24.672	27.134	29.755	32.54	35.493	38.619	41.923	45.411	49.087
0.11	0.19	0.3	0.447	0.635	0.869	1.155	1.497	1.9	2.37	2.911	3.528	4.227	5.012	5.888	6.86	7.934	9.114	10.405	11.812	13.34	14.993	16.778	18.699	20.76	22.967	25.325	27.838	30.512	33.351	36.36	39.544	42.909	46.458	50.197
0.149	0.25	0.387	0.566	0.79	1.064	1.394	1.784	2.238	2.76	3.356	4.029	4.784	5.625	6.556	7.581	8.705	9.931	11.264	12.707	14.265	15.941	17.739	19.664	21.72	23.909	26.236	28.705	31.319	34.083	36.999	40.073	43.307	46.705	50.271
0.158	0.262	0.402	0.581	0.806	1.079	1.405	1.787	2.231	2.739	3.316	3.965	4.69	5.495	6.382	7.357	8.421	9.579	10.834	12.19	13.649	15.215	16.892	18.682	20.589	22.616	24.766	27.042	29.448	31.986	34.66	37.473	40.427	43.527	46.773
0.119	0.203	0.318	0.471	0.665	0.906	1.198	1.546	1.956	2.43	2.975	3.595	4.294	5.077	5.949	6.915	7.978	9.144	10.417	11.802	13.302	14.923	16.669	18.545	20.555	22.703	24.994	27.432	30.022	32.768	35.675	38.746	41.987	45.402	48.995
0.093	0.163	0.261	0.394	0.566	0.783	1.05	1.372	1.756	2.205	2.727	3.326	4.009	4.78	5.645	6.61	7.681	8.863	10.162	11.585	13.135	14.82	16.646	18.617	20.74	23.02	25.465	28.078	30.867	33.837	36.994	40.345	43.894	47.648	51.614
0.122	0.208	0.327	0.483	0.683	0.93	1.23	1.588	2.008	2.495	3.055	3.692	4.411	5.216	6.112	7.105	8.198	9.397	10.705	12.129	13.672	15.339	17.135	19.064	21.131	23.34	25.696	28.205	30.869	33.694	36.685	39.845	43.18	46.693	50.39
0.177	0.291	0.443	0.638	0.879	1.172	1.519	1.926	2.396	2.932	3.539	4.221	4.979	5.819	6.743	7.756	8.859	10.057	11.353	12.75	14.252	15.86	17.579	19.412	21.361	23.43	25.621	27.938	30.384	32.96	35.671	38.519	41.507	44.638	47.914
0.171	0.282	0.431	0.622	0.86	1.148	1.491	1.893	2.358	2.89	3.492	4.169	4.924	5.76	6.681	7.691	8.794	9.991	11.287	12.686	14.19	15.803	17.527	19.367	21.325	23.404	25.608	27.939	30.402	32.997	35.73	38.602	41.616	44.777	48.085
0.161	0.267	0.41	0.593	0.822	1.1	1.432	1.822	2.274	2.792	3.38	4.041	4.779	5.599	6.503	7.495	8.579	9.758	11.036	12.416	13.902	15.496	17.203	19.025	20.966	23.03	25.218	27.535	29.983	32.567	35.288	38.15	41.157	44.31	47.614
0.114	0.196	0.309	0.459	0.65	0.888	1.178	1.524	1.932	2.406	2.951	3.572	4.275	5.063	5.942	6.917	7.992	9.172	10.462	11.867	13.392	15.042	16.82	18.732	20.784	22.978	25.321	27.817	30.471	33.287	36.271	39.426	42.758	46.272	49.971
0.144	0.242	0.374	0.546	0.763	1.028	1.347	1.723	2.161	2.666	3.241	3.892	4.621	5.433	6.331	7.321	8.406	9.59	10.877	12.27	13.774	15.393	17.129	18.987	20.971	23.085	25.332	27.715	30.239	32.907	35.722	38.689	41.811	45.091	48.534
0.154	0.255	0.392	0.569	0.79	1.059	1.381	1.76	2.199	2.704	3.276	3.921	4.643	5.444	6.328	7.3	8.363	9.52	10.774	12.13	13.591	15.159	16.84	18.635	20.548	22.582	24.742	27.029	29.448	32.001	34.691	37.523	40.498	43.621	46.893
0.161	0.267	0.408	0.59	0.817	1.093	1.422	1.808	2.256	2.768	3.349	4.002	4.732	5.541	6.433	7.413	8.482	9.645	10.904	12.264	13.728	15.298	16.979	18.773	20.683	22.713	24.866	27.145	29.553	32.092	34.767	37.58	40.534	43.632	46.877
0.093	0.163	0.261	0.394	0.565	0.78	1.045	1.364	1.743	2.188	2.703	3.294	3.967	4.726	5.578	6.528	7.581	8.743	10.019	11.415	12.936	14.589	16.378	18.309	20.388	22.621	25.013	27.569	30.296	33.199	36.283	39.556	43.021	46.685	50.554
0.131	0.22	0.341	0.5	0.7	0.945	1.241	1.591	2	2.471	3.009	3.618	4.303	5.066	5.912	6.844	7.868	8.986	10.202	11.521	12.946	14.48	16.129	17.894	19.781	21.792	23.931	26.203	28.61	31.157	33.846	36.682	39.668	42.808	46.105
0.089	0.155	0.249	0.376	0.54	0.747	1.001	1.308	1.673	2.1	2.597	3.167	3.815	4.549	5.371	6.288	7.306	8.429	9.664	11.015	12.488	14.088	15.821	17.693	19.708	21.873	24.193	26.674	29.321	32.139	35.135	38.313	41.68	45.242	49.003
0.15	0.251	0.387	0.563	0.784	1.054	1.378	1.76	2.205	2.716	3.297	3.954	4.689	5.506	6.411	7.406	8.495	9.683	10.972	12.368	13.873	15.491	17.225	19.081	21.06	23.167	25.405	27.779	30.29	32.943	35.742	38.689	41.789	45.044	48.458
0.116	0.198	0.311	0.461	0.652	0.889	1.177	1.52	1.924	2.393	2.932	3.545	4.238	5.015	5.88	6.838	7.894	9.053	10.319	11.696	13.189	14.803	16.543	18.412	20.415	22.558	24.844	27.278	29.864	32.607	35.512	38.582	41.823	45.238	48.833
0.094	0.165	0.264	0.397	0.568	0.784	1.049	1.369	1.748	2.193	2.708	3.298	3.969	4.727	5.576	6.522	7.571	8.727	9.997	11.386	12.899	14.541	16.319	18.237	20.302	22.518	24.891	27.428	30.132	33.01	36.068	39.311	42.744	46.374	50.205
0.124	0.21	0.328	0.482	0.678	0.919	1.21	1.556	1.961	2.429	2.965	3.572	4.256	5.021	5.869	6.807	7.838	8.965	10.194	11.528	12.971	14.527	16.201	17.996	19.916	21.966	24.149	26.469	28.93	31.536	34.291	37.199	40.264	43.489	46.878
0.104	0.179	0.285	0.426	0.607	0.834	1.111	1.443	1.836	2.295	2.825	3.43	4.117	4.889	5.753	6.713	7.774	8.942	10.222	11.618	13.137	14.782	16.56	18.475	20.532	22.737	25.095	27.61	30.289	33.135	36.155	39.353	42.735	46.305	50.069
0.07	0.127	0.208	0.321	0.469	0.659	0.896	1.187	1.536	1.951	2.438	3.003	3.652	4.391	5.229	6.17	7.222	8.392	9.687	11.113	12.678	14.389	16.253	18.277	20.468	22.835	25.384	28.123	31.059	34.2	37.554	41.129	44.931	48.97	53.252
0.111	0.191	0.304	0.453	0.645	0.884	1.176	1.526	1.939	2.421	2.977	3.611	4.33	5.139	6.042	7.045	8.153	9.372	10.707	12.162	13.744	15.457	17.306	19.298	21.436	23.727	26.175	28.786	31.565	34.517	37.647	40.961	44.463	48.16	52.056
0.115	0.197	0.311	0.462	0.654	0.893	1.184	1.531	1.94	2.415	2.962	3.585	4.288	5.078	5.959	6.935	8.011	9.193	10.484	11.891	13.416	15.066	16.845	18.758	20.809	23.004	25.346	27.841	30.494	33.309	36.29	39.443	42.772	46.282	49.977
0.127	0.217	0.34	0.501	0.706	0.96	1.268	1.633	2.063	2.56	3.13	3.778	4.508	5.325	6.234	7.239	8.345	9.557	10.878	12.315	13.871	15.55	17.358	19.299	21.378	23.598	25.964	28.481	31.153	33.985	36.981	40.145	43.482	46.997	50.693
0.061	0.112	0.186	0.29	0.428	0.606	0.83	1.106	1.441	1.841	2.312	2.862	3.497	4.223	5.049	5.982	7.028	8.196	9.492	10.925	12.502	14.232	16.122	18.18	20.415	22.834	25.446	28.26	31.285	34.527	37.997	41.703	45.654	49.859	54.327
0.078	0.139	0.226	0.345	0.501	0.699	0.944	1.243	1.601	2.023	2.516	3.085	3.737	4.476	5.31	6.245	7.286	8.44	9.713	11.111	12.641	14.309	16.121	18.084	20.205	22.49	24.945	27.578	30.394	33.401	36.605	40.013	43.632	47.468	51.529
0.077	0.138	0.226	0.346	0.504	0.705	0.955	1.261	1.627	2.061	2.569	3.155	3.828	4.594	5.458	6.428	7.51	8.711	10.038	11.497	13.095	14.84	16.737	18.795	21.021	23.421	26.002	28.772	31.739	34.908	38.289	41.888	45.712	49.769	54.067
0.097	0.169	0.27	0.404	0.578	0.796	1.064	1.386	1.767	2.214	2.73	3.321	3.993	4.75	5.598	6.542	7.587	8.739	10.002	11.383	12.886	14.516	16.28	18.181	20.227	22.421	24.769	27.277	29.95	32.794	35.813	39.013	42.399	45.977	49.752
0.085	0.15	0.242	0.367	0.53	0.736	0.991	1.301	1.67	2.104	2.61	3.192	3.857	4.61	5.457	6.405	7.458	8.624	9.907	11.314	12.851	14.525	16.34	18.304	20.423	22.702	25.148	27.767	30.566	33.55	36.727	40.102	43.682	47.473	51.482
0.109	0.189	0.3	0.448	0.639	0.878	1.17	1.52	1.934	2.418	2.976	3.615	4.338	5.153	6.064	7.077	8.196	9.429	10.779	12.252	13.855	15.591	17.467	19.488	21.66	23.987	26.476	29.132	31.96	34.965	38.154	41.531	45.102	48.873	52.848
0.061	0.112	0.187	0.292	0.433	0.616	0.846	1.132	1.479	1.894	2.384	2.958	3.621	4.382	5.249	6.23	7.332	8.564	9.935	11.452	13.124	14.96	16.969	19.16	21.542	24.124	26.915	29.924	33.162	36.638	40.361	44.342	48.59	53.115	57.927
0.079	0.14	0.228	0.348	0.506	0.706	0.955	1.257	1.62	2.048	2.548	3.126	3.787	4.539	5.386	6.336	7.394	8.567	9.862	11.284	12.841	14.538	16.383	18.382	20.542	22.87	25.371	28.054	30.925	33.99	37.257	40.732	44.423	48.336	52.479
0.095	0.165	0.262	0.392	0.559	0.768	1.023	1.33	1.694	2.118	2.608	3.168	3.803	4.519	5.319	6.209	7.193	8.276	9.464	10.76	12.169	13.697	15.348	17.127	19.039	21.088	23.28	25.619	28.111	30.759	33.568	36.545	39.693	43.017	46.522
0.146	0.242	0.371	0.538	0.747	1.001	1.305	1.663	2.078	2.553	3.094	3.702	4.382	5.137	5.971	6.887	7.888	8.978	10.16	11.437	12.813	14.29	15.872	17.561	19.362	21.277	23.309	25.462	27.737	30.139	32.67	35.334	38.132	41.069	44.146
#ojiva_de_madurez_sexual_a_la_talla
0.0001	0.0001	0.0001	0.0001	0.0001	0.0001	0.0001	0.0001	0.0001	0.0001	0.0003	0.0009	0.0024	0.0066	0.0178	0.0474	0.1203	0.2729	0.5075	0.7389	0.8859	0.9552	0.9832	0.9938	0.9977	0.9992	0.9997	0.9999	1	1	1	1	1	1	1
